0 - 3: 10 10 10 10
0 - 2: 5 5 5 5
0 - 1: 1 1 1 1
1 - 4: 3 3 3 3
1 - 0: 1 1 1 1
2 - 5: 1 1 1 1
2 - 6: 7 7 7 7
2 - 0: 5 5 5 5
3 - 8: 1 1 1 1
3 - 7: 3 3 3 3
3 - 0: 10 10 10 10
4 - 9: 8 8 8 8
4 - 1: 3 3 3 3
5 - 9: 5 5 5 5
5 - 10: 2 2 2 2
5 - 2: 1 1 1 1
6 - 10: 15 15 15 15
6 - 2: 7 7 7 7
7 - 10: 2 2 2 2
7 - 3: 3 3 3 3
8 - 10: 12 12 12 12
8 - 3: 1 1 1 1
9 - 11: 9 9 9 9
9 - 12: 3 3 3 3
9 - 5: 5 5 5 5
9 - 4: 8 8 8 8
10 - 12: 21 21 21 21
10 - 5: 2 2 2 2
10 - 8: 12 12 12 12
10 - 7: 2 2 2 2
10 - 6: 15 15 15 15
11 - 13: 4 4 4 4
11 - 9: 9 9 9 9
12 - 14: 10 10 10 10
12 - 9: 3 3 3 3
12 - 10: 21 21 21 21
13 - 14: 1 1 1 1
13 - 11: 4 4 4 4
14 - 13: 1 1 1 1
14 - 12: 10 10 10 10
